9006245596941352960
8675469909799908672
9007199254740992000
8814402169408380657
8646458783934059744
8921509066600005632
9134197589393014784
8935206371364700160
8200219067118780416
8646465115832451072
8846225660974337664
8693240349234704526
8763275735579230208
8403605015005495296
8539025732286076352
6658899677070622720
8918591588616110080
22638
7023238844797259776
9192019028307727350
8775164104525479936
9018984996114792448
8762716458892394496
9088818525215653888
8322652111380676608
9212570220156773376
8900403910637780992
9065336692377993880
9192892475021197312
9157675257400893440
8733864506349016064
9150076616473313280
8808737967527952384
9042841023666978816
7626085956411154890
8892357464243044352
8594535654085361664
64502
2935312072
3148837500340928512
8669626034806915072
7682982967083389460
8815574699324967936
8540640738026881024
14844198541068
7317965970141466752
8670503913954836480
9098417476064907648
2368533955
7671047523946987520
8966412441657817856
5715812310263178656
8646911284551352320
7084426096644456448
8785718413256300544
9055825746450186240
9169328841326329856
9175307863151607808
9180047292990750720
9214899489867825152
83898
7313552528930504704
111761388373813200
9171949743374828992
9032748477186624800
5565447928797708288
9131213538748231904
5490553616691685312
8376038429242490880
8477335821443072000
8770147926858006528
1628856685022780784
8714606016450265088
9074617953853896450
9165982336087490560
9214678103811538944
5768794285764116480
7855740456250802176
8528007984597958656
8940863624119828480
8514154793080061536
9084923731708477440
8193086327188643072
7887239652962667954
9155686214865518592
8313644912125935616
8588936235441979392
8636908349739236560
8886070456755421184
8516743051056513024
9095227780251516928
8812201437324013568
9066718018175762432
8584168035940476672
9142747048213217280
9177291788016019948
8775459788515868672
9118745297566040064
8610442042957365248
9055518560975060992
8004552134854967296
6814434105841680384
8595119888836591616
8305741931540110848
9006966433153810432
9004286489525223424
8646911284551352320
9217640565927439488
9174871976383086592
8321954520120164352
9019303564082648832
8834556926055309312
9115285645797883904
9164848520421703680
8241100441912099578
8876589625829036032
8691929335603396608
8935141660703064064
8185118331471134720
8748451981166641152
115369361707698
9158531295154798592
6377687480804081664
9005346644488617984
9068027096279572480
7215103790192525312
8788039441396121600
7387602938201628672
8869122653244358656
9081962657418477568
8324088063509282816
8795574052719689728
5466009197347936256
8556398858999955456
57845149466850
8277303454635917312
9162930233408487424
8646125271176445952
8769505640268693504
1816779300
8515983364061134848
8454075034112622592
9130318205898719232
8799892934393593856
305181736539648
7533354624042733184
8673049148674351104
6250386550404677632
8774912986268514608
8745401035183007744
9090515847847346176
8682263632039378944
9199428059193147392
9202945997028720640
6268366959049566208
8634879971278798144
8638820135220257520
8760153808277449972
4839274154486167200
9003176136170513408
8844721878883893248
6470625413644605688
8364219626818633728
7729995239294941552
7527315195962774208
9219402250122690560
8448752900947050496
8468756315991179264
8716887143357612032
7658852613684547584
8580625532880090048
9164007594820370432
8505590800866361344
8830766617670801408
8609852656890818048
8719531828542701568
6942773245956325376
8322032275805386752
8405145033293496320
9207609438158979072
9006681370794316320
8271919630815657984
8959322120421113856
8438608806669189120
9198361121007668160
9130190728100577280
9157240517359042560
9172680648556564096
8839399971224662184
9155395503987097600
8935141660703064064
9136756629675180032
9040244677281841152
8885985953273872384
8070450532247928832
8796529226029203456
8637125580162072576
8051947282195227136
8791026472627208192
8172794461835755520
